11011000000000000000
10100010010011111111
10000110001001000000
01010011111001001000
10110010000000001000
01010100000001000000
01000100000000100000
10100000100000000001
10100001100000000001
10100001110000000001
01000011111000101000
10101001011111111111
01010011111000101000
00110010110000000000
10000100000011000000
10100100100011000000
10100100010011000000
10000100000001000000
10100100100001000000
10000100000010000000
10100100110010000000
00000001010000000000
10011101000000000000
00010011101000000000
10001101000110000000
00100011010000000000
10000100100111000000
10110000100000000001
10100101110010000000
11000010000000000000
11111111111111111111
00000000000000000000
00000000000000000000